Q matrix
From state0:  -1.00  47.17  -1.00  -1.00  -1.00  38.21  -1.00  -1.00  -1.00  -1.00  -1.00  -1.00  -1.00  -1.00  -1.00  -1.00  -1.00  -1.00  -1.00  -1.00  -1.00  -1.00  -1.00  -1.00  -1.00 
From state1:  42.46  -1.00  52.42  -1.00  -1.00  -1.00  42.42  -1.00  -1.00  -1.00  -1.00  -1.00  -1.00  -1.00  -1.00  -1.00  -1.00  -1.00  -1.00  -1.00  -1.00  -1.00  -1.00  -1.00  -1.00 
From state2:  -1.00  47.17  -1.00  58.24  -1.00  -1.00  -1.00  58.24  -1.00  -1.00  -1.00  -1.00  -1.00  -1.00  -1.00  -1.00  -1.00  -1.00  -1.00  -1.00  -1.00  -1.00  -1.00  -1.00  -1.00 
From state3:  -1.00  -1.00  52.42  -1.00  52.42  -1.00  -1.00  -1.00  64.71  -1.00  -1.00  -1.00  -1.00  -1.00  -1.00  -1.00  -1.00  -1.00  -1.00  -1.00  -1.00  -1.00  -1.00  -1.00  -1.00 
From state4:  -1.00  -1.00  -1.00  58.24  -1.00  -1.00  -1.00  -1.00  -1.00  58.24  -1.00  -1.00  -1.00  -1.00  -1.00  -1.00  -1.00  -1.00  -1.00  -1.00  -1.00  -1.00  -1.00  -1.00  -1.00 
From state5:  42.46  -1.00  -1.00  -1.00  -1.00  -1.00  42.42  -1.00  -1.00  -1.00  34.32  -1.00  -1.00  -1.00  -1.00  -1.00  -1.00  -1.00  -1.00  -1.00  -1.00  -1.00  -1.00  -1.00  -1.00 
From state6:  -1.00  47.17  -1.00  -1.00  -1.00  38.21  -1.00  58.24  -1.00  -1.00  -1.00  48.24  -1.00  -1.00  -1.00  -1.00  -1.00  -1.00  -1.00  -1.00  -1.00  -1.00  -1.00  -1.00  -1.00 
From state7:  -1.00  -1.00  52.42  -1.00  -1.00  -1.00  42.42  -1.00  64.71  -1.00  -1.00  -1.00  64.71  -1.00  -1.00  -1.00  -1.00  -1.00  -1.00  -1.00  -1.00  -1.00  -1.00  -1.00  -1.00 
From state8:  -1.00  -1.00  -1.00  58.24  -1.00  -1.00  -1.00  58.24  -1.00  58.24  -1.00  -1.00  -1.00  71.90  -1.00  -1.00  -1.00  -1.00  -1.00  -1.00  -1.00  -1.00  -1.00  -1.00  -1.00 
From state9:  -1.00  -1.00  -1.00  -1.00  52.42  -1.00  -1.00  -1.00  64.71  -1.00  -1.00  -1.00  -1.00  -1.00  63.71  -1.00  -1.00  -1.00  -1.00  -1.00  -1.00  -1.00  -1.00  -1.00  -1.00 
From state10:  -1.00  -1.00  -1.00  -1.00  -1.00  38.21  -1.00  -1.00  -1.00  -1.00  -1.00  48.24  -1.00  -1.00  -1.00  49.24  -1.00  -1.00  -1.00  -1.00  -1.00  -1.00  -1.00  -1.00  -1.00 
From state11:  -1.00  -1.00  -1.00  -1.00  -1.00  -1.00  42.42  -1.00  -1.00  -1.00  34.32  -1.00  64.71  -1.00  -1.00  -1.00  54.71  -1.00  -1.00  -1.00  -1.00  -1.00  -1.00  -1.00  -1.00 
From state12:  -1.00  -1.00  -1.00  -1.00  -1.00  -1.00  -1.00  58.24  -1.00  -1.00  -1.00  48.24  -1.00  71.90  -1.00  -1.00  -1.00  71.90  -1.00  -1.00  -1.00  -1.00  -1.00  -1.00  -1.00 
From state13:  -1.00  -1.00  -1.00  -1.00  -1.00  -1.00  -1.00  -1.00  64.71  -1.00  -1.00  -1.00  64.71  -1.00  63.71  -1.00  -1.00  -1.00  91.00  -1.00  -1.00  -1.00  -1.00  -1.00  -1.00 
From state14:  -1.00  -1.00  -1.00  -1.00  -1.00  -1.00  -1.00  -1.00  -1.00  58.24  -1.00  -1.00  -1.00  71.90  -1.00  -1.00  -1.00  -1.00  -1.00  81.90  -1.00  -1.00  -1.00  -1.00  -1.00 
From state15:  -1.00  -1.00  -1.00  -1.00  -1.00  -1.00  -1.00  -1.00  -1.00  -1.00  34.32  -1.00  -1.00  -1.00  -1.00  -1.00  54.71  -1.00  -1.00  -1.00  52.42  -1.00  -1.00  -1.00  -1.00 
From state16:  -1.00  -1.00  -1.00  -1.00  -1.00  -1.00  -1.00  -1.00  -1.00  -1.00  -1.00  48.24  -1.00  -1.00  -1.00  49.24  -1.00  71.90  -1.00  -1.00  -1.00  58.24  -1.00  -1.00  -1.00 
From state17:  -1.00  -1.00  -1.00  -1.00  -1.00  -1.00  -1.00  -1.00  -1.00  -1.00  -1.00  -1.00  64.71  -1.00  -1.00  -1.00  54.71  -1.00  91.00  -1.00  -1.00  -1.00  64.71  -1.00  -1.00 
From state18:  -1.00  -1.00  -1.00  -1.00  -1.00  -1.00  -1.00  -1.00  -1.00  -1.00  -1.00  -1.00  -1.00  -1.00  -1.00  -1.00  -1.00  -1.00  -1.00  -1.00  -1.00  -1.00  -1.00  -1.00  -1.00 
From state19:  -1.00  -1.00  -1.00  -1.00  -1.00  -1.00  -1.00  -1.00  -1.00  -1.00  -1.00  -1.00  -1.00  -1.00  63.71  -1.00  -1.00  -1.00  91.00  -1.00  -1.00  -1.00  -1.00  -1.00  73.71 
From state20:  -1.00  -1.00  -1.00  -1.00  -1.00  -1.00  -1.00  -1.00  -1.00  -1.00  -1.00  -1.00  -1.00  -1.00  -1.00  49.24  -1.00  -1.00  -1.00  -1.00  -1.00  58.24  -1.00  -1.00  -1.00 
From state21:  -1.00  -1.00  -1.00  -1.00  -1.00  -1.00  -1.00  -1.00  -1.00  -1.00  -1.00  -1.00  -1.00  -1.00  -1.00  -1.00  54.71  -1.00  -1.00  -1.00  52.42  -1.00  64.71  -1.00  -1.00 
From state22:  -1.00  -1.00  -1.00  -1.00  -1.00  -1.00  -1.00  -1.00  -1.00  -1.00  -1.00  -1.00  -1.00  -1.00  -1.00  -1.00  -1.00  71.90  -1.00  -1.00  -1.00  58.24  -1.00  71.90  -1.00 
From state23:  -1.00  -1.00  -1.00  -1.00  -1.00  -1.00  -1.00  -1.00  -1.00  -1.00  -1.00  -1.00  -1.00  -1.00  -1.00  -1.00  -1.00  -1.00  91.00  -1.00  -1.00  -1.00  64.71  -1.00  73.71 
From state24:  -1.00  -1.00  -1.00  -1.00  -1.00  -1.00  -1.00  -1.00  -1.00  -1.00  -1.00  -1.00  -1.00  -1.00  -1.00  -1.00  -1.00  -1.00  -1.00  81.90  -1.00  -1.00  -1.00  71.90  -1.00 
